HTTP/1.1 200 OK
Content-Type: image/svg+xml
Last-Modified: Wed, 25 Mar 2020 05:11:25 GMT
ETag: "5e7ae7fd-4745"
Accept-Ranges: bytes
Vary: Accept-Encoding
Content-Encoding: gzip
Cache-Control: public, max-age=66825
Expires: Wed, 01 Apr 2020 01:52:59 GMT
Date: Tue, 31 Mar 2020 07:19:14 GMT
Content-Length: 6644
Connection: keep-alive

<svg xmlns="http://www.w3.org/2000/svg" width="248" height="51" viewBox="0 0 248 51">
  <g fill="none" transform="translate(0 .5)">
    <path fill="#007ACD" d="M11.0054682,11.5604384 C11.2482314,11.7005978 11.3314082,12.0110178 11.1912488,12.253781 C11.0510894,12.4965442 10.7406694,12.579721 10.4979062,12.4395616 C6.47042326,10.1142932 3.91544366,10.8369829 1.19455749,9.26607857 C1.18450019,9.26027199 1.17451302,9.25442982 1.16459571,9.24855248 C0.497351775,8.85061478 0.0907248923,8.17893897 0.00550365496,7.46019308 C-0.0644423241,6.45149748 0.53876539,5.40688748 1.44738133,4.96327493 C2.11730472,4.67575212 2.90886701,4.69450862 3.59041206,5.08161651 C3.59541905,5.08445567 3.60044747,5.0873398 3.60547695,5.09024357 C6.32628367,6.66110207 6.97837158,9.23539309 11.0054682,11.5604384 L11.0054682,11.5604384 Z M11.2592492,12 C11.2592492,12.2803187 11.032006,12.507562 10.7516872,12.507562 C10.4713685,12.507562 10.2441252,12.2803187 10.2441252,12 C10.2441252,7.34946325 8.34076776,5.49813088 8.34076776,2.35632215 C8.34076776,2.34470898 8.34083364,2.33313875 8.34096491,2.32161144 C8.35196711,1.54479239 8.73034198,0.856805278 9.31018356,0.423628578 C10.1487666,-0.14129422 11.3550292,-0.141206015 12.1935169,0.423872202 C12.7774807,0.860281466 13.1570182,1.55517277 13.1625455,2.33896204 C13.1626067,2.3447178 13.1626067,2.35051461 13.1626067,2.35632215 C13.1626067,5.49803914 11.2592492,7.34990934 11.2592492,12 L11.2592492,12 Z M11.0054682,12.4395616 C10.7627051,12.579721 10.452285,12.4965442 10.3121256,12.253781 C10.1719663,12.0110178 10.2551431,11.7005978 10.4979062,11.5604384 C14.5253892,9.23517004 15.1770113,6.66114794 17.8978975,5.09024357 C17.9079548,5.08443699 17.9180078,5.07870893 17.9280564,5.07305896 C18.6063026,4.69417761 19.3913043,4.67786631 20.0563671,4.96343549 C20.9648961,5.4072083 21.5679511,6.4519065 21.4978228,7.46059727 C21.4118632,8.18452934 20.9998384,8.86066415 20.3238207,9.25734553 C20.3188584,9.26026213 20.3138464,9.2631748 20.308817,9.26607857 C17.5880102,10.8369371 15.0325649,10.1145163 11.0054682,12.4395616 L11.0054682,12.4395616 Z M10.4979062,12.4395616 C10.2551431,12.2994022 10.1719663,11.9889822 10.3121256,11.746219 C10.452285,11.5034558 10.7627051,11.420279 11.0054682,11.5604384 C15.0329512,13.8857068 17.5879308,13.1630171 20.308817,14.7339214 C20.3188743,14.739728 20.3288614,14.7455702 20.3387787,14.7514475 C21.0060227,15.1493852 21.4126496,15.821061 21.4978708,16.5398069 C21.5678168,17.5485025 20.9646091,18.5931125 20.0559931,19.0367251 C19.3860697,19.3242479 18.5945074,19.3054914 17.9129624,18.9183835 C17.9079554,18.9155443 17.902927,18.9126602 17.8978975,18.9097564 C15.1770908,17.3388979 14.5250029,14.7646069 10.4979062,12.4395616 L10.4979062,12.4395616 Z M10.2441252,12 C10.2441252,11.7196813 10.4713685,11.492438 10.7516872,11.492438 C11.032006,11.492438 11.2592492,11.7196813 11.2592492,12 C11.2592492,16.6505368 13.1626067,18.5018691 13.1626067,21.6436779 C13.1626067,21.655291 13.1625408,21.6668612 13.1624095,21.6783886 C13.1514073,22.4552076 12.7730325,23.1431947 12.1931909,23.5763714 C11.3546079,24.1412942 10.1483452,24.141206 9.3098575,23.5761278 C8.72589375,23.1397185 8.34635621,22.4448272 8.34082896,21.661038 C8.34076776,21.6552822 8.34076776,21.6494854 8.34076776,21.6436779 C8.34076776,18.5019609 10.2441252,16.6500907 10.2441252,12 L10.2441252,12 Z M10.4979062,11.5604384 C10.7406694,11.420279 11.0510894,11.5034558 11.1912488,11.746219 C11.3314082,11.9889822 11.2482314,12.2994022 11.0054682,12.4395616 C6.97798525,14.76483 6.32636312,17.3388521 3.60547695,18.9097564 C3.59541966,18.915563 3.5853666,18.9212911 3.57531802,18.926941 C2.89707189,19.3058224 2.11207014,19.3221337 1.44700732,19.0365645 C0.538478313,18.5927917 -0.0645766256,17.5480935 0.00555161315,16.5394027 C0.0915112473,15.8154707 0.503536,15.1393359 1.17955379,14.7426545 C1.18451606,14.7397379 1.18952801,14.7368252 1.19455749,14.7339214 C3.91536421,13.1630629 6.47080959,13.8854837 10.4979062,11.5604384 L10.4979062,11.5604384 Z"/>
    <path fill="#007ACD" d="M239.183389,30.9869885 L239.183389,30.985 L242.436227,30.985 C243.649896,30.985 244.627299,31.217064 245.442114,31.6528318 C246.256929,32.0885995 246.896401,32.7280709 247.332168,33.5428857 C247.767936,34.3577006 248,35.3351041 248,36.5487733 L248,36.7512267 C248,37.9648959 247.767936,38.9422994 247.332168,39.7571143 C246.896401,40.5719291 246.256929,41.2114005 245.442114,41.6471682 C244.627299,42.082936 243.649896,42.315 242.436227,42.315 L235.503774,42.315 C234.290104,42.315 233.3127,42.082936 232.497886,41.6471682 C231.768257,41.2569585 231.177078,40.7034117 230.749006,40.0068906 L231.859776,39.2306244 C232.166241,39.7569071 232.592265,40.1667059 233.134545,40.4567204 C233.761339,40.7919335 234.527398,40.965 235.503774,40.965 L242.436227,40.965 C243.412602,40.965 244.178662,40.7919335 244.805456,40.4567204 C245.385008,40.1467724 245.831772,39.7000082 246.14172,39.1204558 C246.476934,38.4936618 246.65,37.7276019 246.65,36.7512267 L246.65,36.5487733 C246.65,35.5723981 246.476934,34.8063382 246.14172,34.1795442 C245.831772,33.5999918 245.385008,33.1532276 244.805456,32.8432796 C244.178662,32.5080665 243.412602,32.335 242.436227,32.335 L239.565617,32.335 L239.565617,32.3369885 L236.312779,32.3369885 C235.09911,32.3369885 234.121706,32.1049245 233.306891,31.6691568 C232.492077,31.233389 231.852605,30.5939176 231.416837,29.7791028 C230.98107,28.964288 230.749006,27.9868844 230.749006,26.7732152 L230.749006,26.5707618 C230.749006,25.3570926 230.98107,24.3796891 231.416837,23.5648743 C231.852605,22.7500595 232.492077,22.110588 233.306891,21.6748203 C234.121706,21.2390526 235.09911,21.0069885 236.312779,21.0069885 L243.245232,21.0069885 C244.458901,21.0069885 245.436305,21.2390526 246.25112,21.6748203 C246.980749,22.06503 247.571928,22.6185769 248,23.3150979 L246.88923,24.0913642 C246.582764,23.5650814 246.156741,23.1552827 245.614461,22.8652681 C244.987667,22.530055 244.221607,22.3569885 243.245232,22.3569885 L236.312779,22.3569885 C235.336404,22.3569885 234.570344,22.530055 233.94355,22.8652681 C233.363997,23.1752161 232.917233,23.6219804 232.607285,24.2015327 C232.272072,24.8283268 232.099006,25.5943866 232.099006,26.5707618 L232.099006,26.7732152 C232.099006,27.7495904 232.272072,28.5156503 232.607285,29.1424443 C232.917233,29.7219967 233.363997,30.1687609 233.94355,30.4787089 C234.570344,30.8139221 235.336404,30.9869885 236.312779,30.9869885 L239.183389,30.9869885 Z" style="mix-blend-mode:multiply"/>
    <path fill="#007ACD" d="M225.25 39.9784948C224.820075 40.6933336 224.227271 41.260237 223.484106 41.6576862 222.669291 42.0934539 221.861075 42.325518 219.632278 42.325518L214.411704 42.325518C212.182908 42.325518 211.374692 42.0934539 210.559877 41.6576862 209.745062 41.2219185 209.105591 40.582447 208.669823 39.7676322 208.234055 38.9528174 208.001991 38.1446018 208.001991 35.915805L208.001991 27.4167015C208.001991 25.1879047 208.234055 24.3796891 208.669823 23.5648743 209.105591 22.7500595 209.745062 22.110588 210.559877 21.6748203 211.374692 21.2390526 212.182908 21.0069885 214.411704 21.0069885L218.632278 21.0069885C220.861075 21.0069885 221.669291 21.2390526 222.484106 21.6748203 223.298921 22.110588 223.938392 22.7500595 224.37416 23.5648743 224.809928 24.3796891 225.041991 25.1879047 225.041991 27.4167015L225.041991 31.1657349 209.351991 31.1657349 209.351991 35.915805C209.351991 37.7440442 209.48393 38.4272768 209.860271 39.1309738 210.170219 39.7105261 210.616983 40.1572904 211.196536 40.4672384 211.900233 40.8435797 212.583465 40.975518 214.411704 40.975518L219.632278 40.975518C221.460517 40.975518 222.14375 40.8435797 222.847447 40.4672384 223.403249 40.1699924 223.836923 39.7469141 224.144917 39.2015564L225.25 39.9784948zM223.691991 29.8157349L223.691991 27.4167015C223.691991 25.5884623 223.560053 24.9052297 223.183712 24.2015327 222.873764 23.6219804 222.426999 23.1752161 221.847447 22.8652681 221.14375 22.4889268 220.460517 22.3569885 218.632278 22.3569885L214.411704 22.3569885C212.583465 22.3569885 211.900233 22.4889268 211.196536 22.8652681 210.616983 23.1752161 210.170219 23.6219804 209.860271 24.2015327 209.48393 24.9052297 209.351991 25.5884623 209.351991 27.4167015L209.351991 29.8157349 223.691991 29.8157349zM195.42851 22.355518L195.42851 35.915805C195.42851 37.7440442 195.560448 38.4272768 195.93679 39.1309738 196.246738 39.7105261 196.693502 40.1572904 197.273054 40.4672384 197.976751 40.8435797 198.659984 40.975518 200.488223 40.975518L202.751991 40.975518 202.751991 42.325518 200.488223 42.325518C198.259426 42.325518 197.451211 42.0934539 196.636396 41.6576862 195.821581 41.2219185 195.182109 40.582447 194.746342 39.7676322 194.310574 38.9528174 194.07851 38.1446018 194.07851 35.915805L194.07851 22.355518 188.751991 22.355518 189.25351 21.005518 194.07851 21.005518 194.07851 13.0024107 195.42851 13.0024107 195.42851 21.005518 202.751991 21.005518 202.25351 22.355518 195.42851 22.355518zM173.411704 21.0069885L177.842278 21.0069885C180.071075 21.0069885 180.879291 21.2390526 181.694106 21.6748203 182.508921 22.110588 183.148392 22.7500595 183.58416 23.5648743 184.019927 24.3796891 184.251991 25.1879047 184.251991 27.4167015L184.251991 35.915805C184.251991 38.1446018 184.019927 38.9528174 183.58416 39.7676322 183.148392 40.582447 182.508921 41.2219185 181.694106 41.6576862 180.879291 42.0934539 180.071075 42.325518 177.842278 42.325518L173.411704 42.325518C171.182908 42.325518 170.374692 42.0934539 169.559877 41.6576862 168.745062 41.2219185 168.105591 40.582447 167.669823 39.7676322 167.234055 38.9528174 167.001991 38.1446018 167.001991 35.915805L167.001991 27.4167015C167.001991 25.1879047 167.234055 24.3796891 167.669823 23.5648743 168.105591 22.7500595 168.745062 22.110588 169.559877 21.6748203 170.374692 21.2390526 171.182908 21.0069885 173.411704 21.0069885zM173.411704 22.3569885C171.583465 22.3569885 170.900233 22.4889268 170.196536 22.8652681 169.616983 23.1752161 169.170219 23.6219804 168.860271 24.2015327 168.48393 24.9052297 168.351991 25.5884623 168.351991 27.4167015L168.351991 35.915805C168.351991 37.7440442 168.48393 38.4272768 168.860271 39.1309738 169.170219 39.7105261 169.616983 40.1572904 170.196536 40.4672384 170.900233 40.8435797 171.583465 40.975518 173.411704 40.975518L177.842278 40.975518C179.670518 40.975518 180.35375 40.8435797 181.057447 40.4672384 181.637 40.1572904 182.083764 39.7105261 182.393712 39.1309738 182.770053 38.4272768 182.901991 37.7440442 182.901991 35.915805L182.901991 27.4167015C182.901991 25.5884623 182.770053 24.9052297 182.393712 24.2015327 182.083764 23.6219804 181.637 23.1752161 181.057447 22.8652681 180.35375 22.4889268 179.670518 22.3569885 177.842278 22.3569885L173.411704 22.3569885zM161.251991 42.3269885L159.901991 42.3269885 159.901991 27.4167015C159.901991 25.5884623 159.770053 24.9052297 159.393712 24.2015327 159.083764 23.6219804 158.637 23.1752161 158.057447 22.8652681 157.35375 22.4889268 156.670518 22.3569885 154.842278 22.3569885L145.351991 22.3569885 145.351991 42.3269885 144.001991 42.3269885 144.001991 21.0069885 154.842278 21.0069885C157.071075 21.0069885 157.879291 21.2390526 158.694106 21.6748203 159.508921 22.110588 160.148392 22.7500595 160.58416 23.5648743 161.019927 24.3796891 161.251991 25.1879047 161.251991 27.4167015L161.251991 42.3269885z"/>
    <path fill="#484848" d="M136.001992 42.3301371L131.961162 42.3301371 125.809699 33.2102184 120.101435 33.2102184 120.101435 42.3264918 116.751435 42.3264918 116.751435 21.0069885 120.101435 21.0069885 120.101435 29.8602184 126.544362 29.8602184C128.355158 29.8602184 128.851604 29.7643503 129.355589 29.494816 129.700679 29.3102601 129.951478 29.059462 130.136033 28.7143725 130.405568 28.2103873 130.501435 27.7139412 130.501435 25.9031456L130.501435 21.0069885 133.851435 21.0069885 133.851435 25.9031456C133.851435 28.443974 133.586883 29.3653398 133.090107 30.2942287 132.593332 31.2231176 131.864334 31.952115 130.935445 32.4488902 130.551084 32.6544488 130.168011 32.8202466 129.670958 32.943993L136.001992 42.3301371zM112.001435 29.8569885L108.651435 29.8569885 108.651435 28.3140613C108.651435 26.5032657 108.555567 26.0068197 108.286033 25.5028344 108.101477 25.1577449 107.850679 24.9069468 107.505589 24.7223909 107.001604 24.4528567 106.505158 24.3569885 104.694362 24.3569885L99.0994834 24.3569885 99.0994834 42.3269885 95.7494834 42.3269885 95.7494834 21.0069885 104.694362 21.0069885C107.235191 21.0069885 108.156557 21.2715415 109.085445 21.7683167 110.014334 22.2650919 110.743332 22.9940894 111.240107 23.9229783 111.736882 24.8518672 112.001435 25.7732329 112.001435 28.3140613L112.001435 29.8569885zM86.1494834 28.3831486L86.1494834 27.5396607C86.1494834 26.5089918 86.0277547 25.951476 85.784081 25.4958459 85.5995251 25.1507564 85.348727 24.8999583 85.0036375 24.7154024 84.5480074 24.4717288 83.9904917 24.35 82.9598228 24.35L74.5194834 24.35 73.1694834 24.3532275 72.1694834 21 82.9598228 21C84.5797566 21 85.6546048 21.264553 86.5834937 21.7613282 87.5123826 22.2581034 88.24138 22.9871009 88.7381552 23.9159897 89.2349305 24.8448786 89.4994834 25.9197268 89.4994834 27.5396607L89.4994834 42.3185294 77.7891441 42.3185294C76.1692103 42.3185294 75.0943621 42.0539764 74.1654732 41.5572012 73.2365843 41.060426 72.5075869 40.3314286 72.0108117 39.4025397 71.5140364 38.4736508 71.2494834 37.3988026 71.2494834 35.7788687L71.2494834 34.9228093C71.2494834 33.3028754 71.5140364 32.2280272 72.0108117 31.2991383 72.5075869 30.3702494 73.2365843 29.641252 74.1654732 29.1444768 75.0943621 28.6477016 76.1692103 28.3831486 77.7891441 28.3831486L86.1494834 28.3831486zM77.7091441 31.7092475C76.6784752 31.7092475 76.1209595 31.8309763 75.6653294 32.0746499 75.3202399 32.2592058 75.0694418 32.5100039 74.8848859 32.8550935 74.6412122 33.3107236 74.5194834 33.8682393 74.5194834 34.8989082L74.5194834 35.7549677C74.5194834 36.7856366 74.6412122 37.3431523 74.8848859 37.7987825 75.0694418 38.143872 75.3202399 38.3946701 75.6653294 38.579226 76.1209595 38.8228996 76.6784752 38.9446284 77.7091441 38.9446284L86.1494834 38.9446284 86.1494834 31.7092475 77.7091441 31.7092475zM51.0994834 42.3269885L51.0994834 48.8269885 47.7494834 50.3269885 47.7494834 28.3140613C47.7494834 25.7732329 48.0141532 24.8518672 48.5111475 23.9229783 49.0081419 22.9940894 49.737461 22.2650919 50.6667597 21.7683167 51.5960584 21.2715415 52.5178307 21.0069885 55.0597801 21.0069885L58.6891868 21.0069885C61.2311362 21.0069885 62.1529085 21.2715415 63.0822072 21.7683167 64.0115059 22.2650919 64.740825 22.9940894 65.2378193 23.9229783 65.7348137 24.8518672 65.9994834 25.7732329 65.9994834 28.3140613L65.9994834 35.0199157C65.9994834 37.5607441 65.7348137 38.4821099 65.2378193 39.4109988 64.740825 40.3398877 64.0115059 41.0688851 63.0822072 41.5656603 62.1529085 42.0624355 61.2311362 42.3269885 58.6891868 42.3269885L51.0994834 42.3269885zM58.6843623 38.9769885C60.4951579 38.9769885 60.991604 38.8811204 61.4955892 38.6115861 61.8406787 38.4270302 62.0914769 38.1762321 62.2760327 37.8311426 62.545567 37.3271573 62.6414352 36.8307113 62.6414352 35.0199157L62.6414352 28.3140613C62.6414352 26.5032657 62.545567 26.0068197 62.2760327 25.5028344 62.0914769 25.1577449 61.8406787 24.9069468 61.4955892 24.7223909 60.991604 24.4528567 60.4951579 24.3569885 58.6843623 24.3569885L55.0565563 24.3569885C53.2457607 24.3569885 52.7493146 24.4528567 52.2453294 24.7223909 51.9002399 24.9069468 51.6494418 25.1577449 51.4648859 25.5028344 51.1953516 26.0068197 51.0994834 26.5032657 51.0994834 28.3140613L51.0994834 38.9769885 58.6843623 38.9769885z" style="mix-blend-mode:multiply"/>
    <path fill="#484848" d="M34.9017084,33.3335294 L34.9017084,33.335 L30.6708744,33.335 C29.4189501,33.335 28.3163642,33.0670303 27.4026605,32.5706348 C26.4889568,32.0742392 25.7641353,31.3494177 25.2677397,30.435714 C24.7713441,29.5220103 24.5033744,28.4194244 24.5033744,27.1675 C24.5033744,25.9155756 24.7713441,24.8129897 25.2677397,23.899286 C25.7641353,22.9855823 26.4889568,22.2607608 27.4026605,21.7643652 C28.3163642,21.2679697 29.4189501,21 30.6708744,21 L37.0861925,21 C38.3381169,21 39.4424888,21.2679697 40.3561925,21.7643652 C41.2698962,22.2607608 41.9926139,22.9855823 42.4890095,23.899286 C42.584355,24.0747862 42.6712731,24.2572548 42.7494837,24.4464116 L39.6432717,25.7014027 C39.6129885,25.6304493 39.5803103,25.5628145 39.5453705,25.4985017 C39.3578706,25.153375 39.0999993,24.895504 38.7548725,24.708004 C38.3378935,24.4814683 37.7812706,24.35 37.0858745,24.35 L30.6708744,24.35 C29.9754784,24.35 29.4188552,24.4814683 29.0018762,24.708004 C28.6567494,24.895504 28.3988784,25.153375 28.2113785,25.4985017 C27.9848427,25.9154807 27.8533744,26.4721039 27.8533744,27.1675 C27.8533744,27.8628961 27.9848427,28.4195193 28.2113785,28.8364983 C28.3988784,29.181625 28.6567494,29.439496 29.0018762,29.626996 C29.4188552,29.8535317 29.9754784,29.985 30.6708744,29.985 L32.3511498,29.985 L32.3511498,29.9835294 L36.5819837,29.9835294 C37.8339081,29.9835294 38.936494,30.2514991 39.8501977,30.7478947 C40.7639014,31.2442903 41.4887229,31.9691118 41.9851185,32.8828155 C42.481514,33.7965192 42.7494837,34.8991051 42.7494837,36.1510294 C42.7494837,37.4029538 42.481514,38.5055397 41.9851185,39.4192434 C41.4887229,40.3329471 40.7639014,41.0577686 39.8501977,41.5541642 C38.936494,42.0505598 37.8339081,42.3185294 36.5819837,42.3185294 L30.1666656,42.3185294 C28.9147413,42.3185294 27.8103693,42.0505598 26.8966656,41.5541642 C25.9829619,41.0577686 25.2602442,40.3329471 24.7638486,39.4192434 C24.6685032,39.2437432 24.581585,39.0612746 24.5033744,38.8721178 L27.6095864,37.6171267 C27.6398696,37.6880802 27.6725479,37.7557149 27.7074876,37.8200277 C27.8949876,38.1651545 28.1528589,38.4230255 28.4979856,38.6105254 C28.9149646,38.8370612 29.4715876,38.9685294 30.1669836,38.9685294 L36.5819837,38.9685294 C37.2773798,38.9685294 37.834003,38.8370612 38.250982,38.6105254 C38.5961087,38.4230255 38.8539797,38.1651545 39.0414797,37.8200277 C39.2680154,37.4030487 39.3994837,36.8464255 39.3994837,36.1510294 C39.3994837,35.4556334 39.2680154,34.8990102 39.0414797,34.4820312 C38.8539797,34.1369044 38.5961087,33.8790334 38.250982,33.6915335 C37.834003,33.4649977 37.2773798,33.3335294 36.5819837,33.3335294 L34.9017084,33.3335294 L34.9017084,33.3335294 Z"/>
  </g>
</svg>
